 ---------------------------------------------------------------
 Surface and Strip Forces by surface

  Forces referred to Sref, Cref, Bref about Xref, Yref, Zref
 Standard axis orientation,  X fwd, Z down         

  Surface # 1     Wing                                    
     # Chordwise = 20   # Spanwise = 20     First strip =  1
     Surface area =    0.456020       Ave. chord =    0.456020
     CLsurf  =   0.46022     Clsurf  =  -0.09772
     CYsurf  =   0.00775     Cmsurf  =  -0.10238
     CDsurf  =   0.02052     Cnsurf  =   0.00884
     CDisurf =   0.02052     CDvsurf =   0.00000

  Forces referred to Ssurf, Cave about hinge axis thru LE
     CLsurf  =   0.92050     CDsurf  =   0.04105
     Deflect =

 Strip Forces referred to Strip Area, Chord
    j      Yle    Chord     Area     c cl      ai      cl_norm  cl       cd       cdv    cm_c/4    cm_LE  C.P.x/c
     1   0.0250   0.4999   0.0250   0.5225   0.0091   1.0484   1.0484   0.0377   0.0000  -0.2817  -0.5430    0.519
     2   0.0750   0.4999   0.0250   0.5217   0.0093   1.0468   1.0468   0.0379   0.0000  -0.2816  -0.5425    0.519
     3   0.1250   0.4999   0.0250   0.5201   0.0098   1.0436   1.0436   0.0382   0.0000  -0.2814  -0.5415    0.520
     4   0.1750   0.4999   0.0250   0.5176   0.0108   1.0387   1.0387   0.0387   0.0000  -0.2811  -0.5399    0.521
     5   0.2250   0.4999   0.0250   0.5143   0.0128   1.0320   1.0320   0.0392   0.0000  -0.2806  -0.5377    0.522
     6   0.2750   0.4999   0.0250   0.5099   0.0166   1.0233   1.0233   0.0399   0.0000  -0.2798  -0.5348    0.523
     7   0.3261   0.4999   0.0261   0.5044   0.0238   1.0123   1.0123   0.0407   0.0000  -0.2787  -0.5310    0.525
     8   0.3784   0.4999   0.0261   0.4974   0.0382   0.9984   0.9984   0.0414   0.0000  -0.2771  -0.5259    0.528
     9   0.4306   0.4999   0.0261   0.4889   0.0663   0.9813   0.9813   0.0420   0.0000  -0.2747  -0.5191    0.530
    10   0.4828   0.4999   0.0261   0.4782   0.1139   0.9600   0.9600   0.0423   0.0000  -0.2709  -0.5100    0.532
    11   0.5351   0.4999   0.0261   0.4647   0.1629   0.9328   0.9328   0.0415   0.0000  -0.2646  -0.4970    0.534
    12   0.5856   0.4888   0.0238   0.4472   0.1606   0.9292   0.9183   0.0429   0.0000  -0.2641  -0.4928    0.538
    13   0.6343   0.4666   0.0227   0.4190   0.1274   0.9122   0.9015   0.0443   0.0000  -0.2641  -0.4886    0.543
    14   0.6831   0.4443   0.0217   0.3885   0.1064   0.8881   0.8776   0.0450   0.0000  -0.2619  -0.4804    0.548
    15   0.7318   0.4221   0.0206   0.3559   0.0924   0.8566   0.8465   0.0451   0.0000  -0.2577  -0.4685    0.554
    16   0.7806   0.3999   0.0195   0.3213   0.0836   0.8162   0.8066   0.0449   0.0000  -0.2516  -0.4524    0.562
    17   0.8294   0.3777   0.0184   0.2840   0.0796   0.7640   0.7550   0.0442   0.0000  -0.2429  -0.4308    0.572
    18   0.8781   0.3555   0.0173   0.2428   0.0807   0.6943   0.6862   0.0428   0.0000  -0.2299  -0.4007    0.585
    19   0.9269   0.3332   0.0162   0.1951   0.0888   0.5953   0.5883   0.0397   0.0000  -0.2086  -0.3550    0.605
    20   0.9756   0.3110   0.0152   0.1326   0.1135   0.4338   0.4287   0.0325   0.0000  -0.1652  -0.2718    0.635

  Surface # 2     Wing (YDUP)                             
     # Chordwise = 20   # Spanwise = 20     First strip = 21
     Surface area =    0.456020       Ave. chord =    0.456020
     CLsurf  =   0.46022     Clsurf  =   0.09772
     CYsurf  =  -0.00775     Cmsurf  =  -0.10238
     CDsurf  =   0.02052     Cnsurf  =  -0.00884
     CDisurf =   0.02052     CDvsurf =   0.00000

  Forces referred to Ssurf, Cave about hinge axis thru LE
     CLsurf  =   0.92050     CDsurf  =   0.04105
     Deflect =

 Strip Forces referred to Strip Area, Chord
    j      Yle    Chord     Area     c cl      ai      cl_norm  cl       cd       cdv    cm_c/4    cm_LE  C.P.x/c
    21  -0.0250   0.4999   0.0250   0.5225   0.0091   1.0484   1.0484   0.0377   0.0000  -0.2817   0.5430    0.519
    22  -0.0750   0.4999   0.0250   0.5217   0.0093   1.0468   1.0468   0.0379   0.0000  -0.2816   0.5425    0.519
    23  -0.1250   0.4999   0.0250   0.5201   0.0098   1.0436   1.0436   0.0382   0.0000  -0.2814   0.5415    0.520
    24  -0.1750   0.4999   0.0250   0.5176   0.0108   1.0387   1.0387   0.0387   0.0000  -0.2811   0.5399    0.521
    25  -0.2250   0.4999   0.0250   0.5143   0.0128   1.0320   1.0320   0.0392   0.0000  -0.2806   0.5377    0.522
    26  -0.2750   0.4999   0.0250   0.5099   0.0166   1.0233   1.0233   0.0399   0.0000  -0.2798   0.5348    0.523
    27  -0.3261   0.4999   0.0261   0.5044   0.0238   1.0123   1.0123   0.0407   0.0000  -0.2787   0.5310    0.525
    28  -0.3784   0.4999   0.0261   0.4974   0.0382   0.9984   0.9984   0.0414   0.0000  -0.2771   0.5259    0.528
    29  -0.4306   0.4999   0.0261   0.4889   0.0663   0.9813   0.9813   0.0420   0.0000  -0.2747   0.5191    0.530
    30  -0.4828   0.4999   0.0261   0.4782   0.1139   0.9600   0.9600   0.0423   0.0000  -0.2709   0.5100    0.532
    31  -0.5351   0.4999   0.0261   0.4647   0.1629   0.9328   0.9328   0.0415   0.0000  -0.2646   0.4970    0.534
    32  -0.5856   0.4888   0.0238   0.4472   0.1606   0.9292   0.9183   0.0429   0.0000  -0.2641   0.4928    0.538
    33  -0.6343   0.4666   0.0227   0.4190   0.1274   0.9122   0.9015   0.0443   0.0000  -0.2641   0.4886    0.543
    34  -0.6831   0.4443   0.0217   0.3885   0.1064   0.8881   0.8776   0.0450   0.0000  -0.2619   0.4804    0.548
    35  -0.7318   0.4221   0.0206   0.3559   0.0924   0.8566   0.8465   0.0451   0.0000  -0.2577   0.4685    0.554
    36  -0.7806   0.3999   0.0195   0.3213   0.0836   0.8162   0.8066   0.0449   0.0000  -0.2516   0.4524    0.562
    37  -0.8294   0.3777   0.0184   0.2840   0.0796   0.7640   0.7550   0.0442   0.0000  -0.2429   0.4308    0.572
    38  -0.8781   0.3555   0.0173   0.2428   0.0806   0.6943   0.6862   0.0428   0.0000  -0.2299   0.4007    0.585
    39  -0.9269   0.3332   0.0162   0.1951   0.0888   0.5953   0.5883   0.0397   0.0000  -0.2086   0.3550    0.605
    40  -0.9756   0.3110   0.0152   0.1326   0.1135   0.4338   0.4287   0.0325   0.0000  -0.1652   0.2718    0.635

  Surface # 3     EH                                      
     # Chordwise = 10   # Spanwise = 20     First strip = 41
     Surface area =    0.146450       Ave. chord =    0.292900
     CLsurf  =  -0.06736     Clsurf  =   0.00729
     CYsurf  =   0.00000     Cmsurf  =   0.10238
     CDsurf  =  -0.00226     Cnsurf  =  -0.00059
     CDisurf =  -0.00226     CDvsurf =   0.00000

  Forces referred to Ssurf, Cave about hinge axis thru LE
     CLsurf  =  -0.41953     CDsurf  =  -0.01410
     Deflect =

 Strip Forces referred to Strip Area, Chord
    j      Yle    Chord     Area     c cl      ai      cl_norm  cl       cd       cdv    cm_c/4    cm_LE  C.P.x/c
    41   0.0196   0.2928   0.0115  -0.1500  -0.0050  -0.5138  -0.5138  -0.0183   0.0000  -0.0001   0.1280    0.250
    42   0.0588   0.2928   0.0114  -0.1493  -0.0053  -0.5116  -0.5116  -0.0178   0.0000  -0.0002   0.1273    0.250
    43   0.0975   0.2928   0.0113  -0.1481  -0.0059  -0.5073  -0.5073  -0.0203   0.0000  -0.0005   0.1259    0.249
    44   0.1357   0.2929   0.0111  -0.1461  -0.0067  -0.5006  -0.5006  -0.0188   0.0000  -0.0009   0.1238    0.248
    45   0.1731   0.2929   0.0108  -0.1435  -0.0078  -0.4915  -0.4915  -0.0182   0.0000  -0.0015   0.1210    0.247
    46   0.2093   0.2929   0.0104  -0.1401  -0.0091  -0.4799  -0.4799  -0.0177   0.0000  -0.0022   0.1175    0.246
    47   0.2443   0.2929   0.0100  -0.1360  -0.0105  -0.4656  -0.4656  -0.0159   0.0000  -0.0030   0.1131    0.244
    48   0.2778   0.2929   0.0096  -0.1310  -0.0121  -0.4485  -0.4485  -0.0146   0.0000  -0.0039   0.1079    0.241
    49   0.3095   0.2929   0.0090  -0.1251  -0.0136  -0.4284  -0.4284  -0.0147   0.0000  -0.0048   0.1020    0.239
    50   0.3394   0.2929   0.0084  -0.1183  -0.0149  -0.4051  -0.4051  -0.0124   0.0000  -0.0058   0.0952    0.236
    51   0.3672   0.2929   0.0078  -0.1106  -0.0162  -0.3788  -0.3788  -0.0122   0.0000  -0.0068   0.0876    0.232
    52   0.3927   0.2930   0.0071  -0.1020  -0.0172  -0.3492  -0.3492  -0.0106   0.0000  -0.0076   0.0794    0.228
    53   0.4157   0.2930   0.0064  -0.0925  -0.0181  -0.3164  -0.3164  -0.0077   0.0000  -0.0083   0.0706    0.224
    54   0.4362   0.2930   0.0056  -0.0821  -0.0189  -0.2809  -0.2809  -0.0066   0.0000  -0.0086   0.0614    0.219
    55   0.4541   0.2930   0.0048  -0.0709  -0.0197  -0.2426  -0.2426  -0.0040   0.0000  -0.0086   0.0519    0.215
    56   0.4691   0.2930   0.0040  -0.0591  -0.0205  -0.2020  -0.2020  -0.0030   0.0000  -0.0081   0.0423    0.210
    57   0.4812   0.2930   0.0031  -0.0466  -0.0213  -0.1593  -0.1593  -0.0021   0.0000  -0.0071   0.0326    0.205
    58   0.4904   0.2930   0.0022  -0.0336  -0.0221  -0.1150  -0.1150  -0.0007   0.0000  -0.0057   0.0231    0.201
    59   0.4965   0.2930   0.0014  -0.0203  -0.0226  -0.0695  -0.0695  -0.0001   0.0000  -0.0037   0.0137    0.197
    60   0.4996   0.2930   0.0005  -0.0068  -0.0228  -0.0232  -0.0232   0.0001   0.0000  -0.0013   0.0045    0.195

  Surface # 4     EH (YDUP)                               
     # Chordwise = 10   # Spanwise = 20     First strip = 61
     Surface area =    0.146450       Ave. chord =    0.292900
     CLsurf  =  -0.06736     Clsurf  =  -0.00729
     CYsurf  =  -0.00000     Cmsurf  =   0.10238
     CDsurf  =  -0.00226     Cnsurf  =   0.00059
     CDisurf =  -0.00226     CDvsurf =   0.00000

  Forces referred to Ssurf, Cave about hinge axis thru LE
     CLsurf  =  -0.41953     CDsurf  =  -0.01410
     Deflect =

 Strip Forces referred to Strip Area, Chord
    j      Yle    Chord     Area     c cl      ai      cl_norm  cl       cd       cdv    cm_c/4    cm_LE  C.P.x/c
    61  -0.0196   0.2928   0.0115  -0.1500  -0.0050  -0.5138  -0.5138  -0.0183   0.0000  -0.0001  -0.1280    0.250
    62  -0.0588   0.2928   0.0114  -0.1493  -0.0053  -0.5116  -0.5116  -0.0178   0.0000  -0.0002  -0.1273    0.250
    63  -0.0975   0.2928   0.0113  -0.1481  -0.0059  -0.5073  -0.5073  -0.0204   0.0000  -0.0005  -0.1259    0.249
    64  -0.1357   0.2929   0.0111  -0.1461  -0.0067  -0.5006  -0.5006  -0.0188   0.0000  -0.0009  -0.1238    0.248
    65  -0.1731   0.2929   0.0108  -0.1435  -0.0078  -0.4915  -0.4915  -0.0182   0.0000  -0.0015  -0.1210    0.247
    66  -0.2093   0.2929   0.0104  -0.1401  -0.0091  -0.4799  -0.4799  -0.0177   0.0000  -0.0022  -0.1175    0.246
    67  -0.2443   0.2929   0.0100  -0.1360  -0.0105  -0.4656  -0.4656  -0.0159   0.0000  -0.0030  -0.1131    0.244
    68  -0.2778   0.2929   0.0096  -0.1310  -0.0121  -0.4485  -0.4485  -0.0146   0.0000  -0.0039  -0.1079    0.241
    69  -0.3095   0.2929   0.0090  -0.1251  -0.0136  -0.4284  -0.4284  -0.0147   0.0000  -0.0048  -0.1020    0.239
    70  -0.3394   0.2929   0.0084  -0.1183  -0.0149  -0.4051  -0.4051  -0.0124   0.0000  -0.0058  -0.0952    0.236
    71  -0.3672   0.2929   0.0078  -0.1106  -0.0162  -0.3788  -0.3788  -0.0122   0.0000  -0.0068  -0.0876    0.232
    72  -0.3927   0.2930   0.0071  -0.1020  -0.0172  -0.3492  -0.3492  -0.0106   0.0000  -0.0076  -0.0794    0.228
    73  -0.4157   0.2930   0.0064  -0.0925  -0.0181  -0.3164  -0.3164  -0.0077   0.0000  -0.0083  -0.0706    0.224
    74  -0.4362   0.2930   0.0056  -0.0821  -0.0189  -0.2809  -0.2809  -0.0066   0.0000  -0.0086  -0.0614    0.219
    75  -0.4541   0.2930   0.0048  -0.0709  -0.0197  -0.2426  -0.2426  -0.0040   0.0000  -0.0086  -0.0519    0.215
    76  -0.4691   0.2930   0.0040  -0.0591  -0.0205  -0.2020  -0.2020  -0.0030   0.0000  -0.0081  -0.0423    0.210
    77  -0.4812   0.2930   0.0031  -0.0466  -0.0213  -0.1593  -0.1593  -0.0021   0.0000  -0.0071  -0.0326    0.205
    78  -0.4904   0.2930   0.0022  -0.0336  -0.0221  -0.1150  -0.1150  -0.0007   0.0000  -0.0057  -0.0231    0.201
    79  -0.4965   0.2930   0.0014  -0.0203  -0.0226  -0.0695  -0.0695  -0.0001   0.0000  -0.0037  -0.0137    0.197
    80  -0.4996   0.2930   0.0005  -0.0068  -0.0228  -0.0232  -0.0232   0.0001   0.0000  -0.0013  -0.0045    0.195

  Surface # 5     EV                                      
     # Chordwise =  8   # Spanwise = 10     First strip = 81
     Surface area =    0.064000       Ave. chord =    0.200000
     CLsurf  =   0.00000     Clsurf  =   0.00000
     CYsurf  =   0.00000     Cmsurf  =   0.00000
     CDsurf  =   0.00000     Cnsurf  =  -0.00000
     CDisurf =   0.00000     CDvsurf =   0.00000

  Forces referred to Ssurf, Cave about hinge axis thru LE
     CLsurf  =  -0.00000     CDsurf  =   0.00000
     Deflect =

 Strip Forces referred to Strip Area, Chord
    j      Yle    Chord     Area     c cl      ai      cl_norm  cl       cd       cdv    cm_c/4    cm_LE  C.P.x/c
    81   0.0000   0.2000   0.0100  -0.0000  -0.0000  -0.0000  -0.0000   0.0000   0.0000   0.0000   0.0000    0.641
    82   0.0000   0.2000   0.0098  -0.0000  -0.0000  -0.0000  -0.0000   0.0000   0.0000   0.0000   0.0000    0.614
    83   0.0000   0.2000   0.0093  -0.0000  -0.0000  -0.0000  -0.0000   0.0000   0.0000   0.0000   0.0000    0.603
    84   0.0000   0.2000   0.0086  -0.0000  -0.0000  -0.0000  -0.0000   0.0000   0.0000   0.0000   0.0000    0.594
    85   0.0000   0.2000   0.0076  -0.0000  -0.0000  -0.0000  -0.0000   0.0000   0.0000   0.0000   0.0000    0.603
    86   0.0000   0.2000   0.0065  -0.0000  -0.0000  -0.0000  -0.0000   0.0000   0.0000   0.0000   0.0000    0.617
    87   0.0000   0.2000   0.0052  -0.0000  -0.0000  -0.0000  -0.0000   0.0000   0.0000   0.0000   0.0000    0.633
    88   0.0000   0.2000   0.0038  -0.0000  -0.0000  -0.0000  -0.0000   0.0000   0.0000   0.0000   0.0000    0.653
    89   0.0000   0.2000   0.0023  -0.0000  -0.0000  -0.0000  -0.0000   0.0000   0.0000   0.0000   0.0000    0.675
    90   0.0000   0.2000   0.0008  -0.0000  -0.0000  -0.0000  -0.0000   0.0000   0.0000   0.0000   0.0000    0.695
 ---------------------------------------------------------------
